19952.6231497 0.00435172347647
31622.7766017 0.0358563432233
50118.7233627 0.0264572749173
79432.8234724 0.0113713852212
125892.541179 0.0069793703202
199526.231497 0.000494207917593
316227.766017 0.00020544246343
501187.233627 0.000164252446791
794328.234724 4.25229401536e-05
1258925.41179 1.44555559433e-05
1995262.31497 3.57218944753e-05
3162277.66017 2.62439700756e-06
5011872.33627 3.49978699926e-06
7943282.34724 7.7197127236e-07
12589254.1179 1.00522702921e-06
19952623.1497 3.2310317154e-07
31622776.6017 1.62610773114e-07
50118723.3627 8.39484905263e-08
79432823.4724 5.89512637183e-08
125892541.179 1.7634530608e-08
199526231.497 5.30410764197e-09
