19952.6231497 0.008076625584
31622.7766017 0.0590450728961
50118.7233627 0.0222395860823
79432.8234724 0.0171371146059
125892.541179 0.00642783362356
199526.231497 0.00107596215382
316227.766017 0.000255889734733
501187.233627 0.000149879682426
794328.234724 5.90503539625e-05
1258925.41179 8.28976211656e-06
1995262.31497 7.59697370907e-06
3162277.66017 3.07444075314e-06
5011872.33627 1.16172322194e-06
7943282.34724 1.02715057523e-06
12589254.1179 2.71202171992e-07
19952623.1497 2.43512188721e-07
31622776.6017 4.85309252577e-08
50118723.3627 0.0
79432823.4724 7.49667928605e-09
125892541.179 0.0
199526231.497 0.0
