50118.7233627 0.0
79432.8234724 0.00963632089022
125892.541179 0.0143214764725
199526.231497 0.00584091304216
316227.766017 0.00106589873177
501187.233627 0.000980575402509
794328.234724 0.000176478139883
1258925.41179 8.33162425108e-05
1995262.31497 1.53660178646e-05
3162277.66017 7.60959183212e-06
5011872.33627 2.48374562859e-06
7943282.34724 1.55474546674e-06
12589254.1179 7.21789237991e-07
19952623.1497 4.76618470664e-07
31622776.6017 2.45327700962e-07
50118723.3627 2.46990078011e-07
79432823.4724 1.04108312766e-07
125892541.179 4.9796184502e-08
199526231.497 4.81016426657e-09
