19952.6231497 0.0181524530426
31622.7766017 0.0572589786891
50118.7233627 0.0291904967942
79432.8234724 0.0261008517172
125892.541179 0.0184851269079
199526.231497 0.00274292288418
316227.766017 0.000464764780099
501187.233627 0.000243705676294
794328.234724 0.000125954404949
1258925.41179 2.78780558359e-05
1995262.31497 1.49373160083e-05
3162277.66017 7.70039268272e-06
5011872.33627 1.42751028588e-06
7943282.34724 5.20823546661e-07
12589254.1179 1.93456965674e-07
19952623.1497 2.3486088971e-07
31622776.6017 2.02625134077e-07
50118723.3627 7.16804779249e-08
79432823.4724 2.45085251206e-08
125892541.179 2.14627587336e-09
