19952.6231497 0.0326535153018
31622.7766017 0.101474170144
50118.7233627 0.0236252427518
79432.8234724 0.016306331116
125892.541179 0.00787490848821
199526.231497 0.000910787282452
316227.766017 0.000535361031501
501187.233627 0.000117404836659
794328.234724 4.30000567537e-05
1258925.41179 3.65079376312e-05
1995262.31497 1.14529492499e-05
3162277.66017 5.81481631939e-06
5011872.33627 2.87331346582e-06
7943282.34724 8.58821456495e-07
12589254.1179 4.35972818381e-07
19952623.1497 1.59883481833e-07
31622776.6017 5.11258844513e-07
50118723.3627 1.58635496136e-07
79432823.4724 7.54342710917e-08
125892541.179 3.37730048944e-08
