50118.7233627 0.000129818482898
79432.8234724 0.0208483263171
125892.541179 0.00229523573513
199526.231497 0.00168077091253
316227.766017 0.000226385635768
501187.233627 0.000153493027372
794328.234724 5.59891424122e-05
1258925.41179 1.95606322342e-05
1995262.31497 3.19253211511e-05
3162277.66017 4.56588874632e-06
5011872.33627 7.56339057471e-06
7943282.34724 2.223024217e-06
12589254.1179 1.07251590884e-06
19952623.1497 4.54162936276e-07
31622776.6017 7.10261444034e-07
50118723.3627 2.2867409756e-07
79432823.4724 1.02868975938e-07
125892541.179 5.06358551356e-08
199526231.497 1.12587433586e-08
