19952.6253404 0.238181334247
31622.7800737 0.127813912668
50118.7288656 0.08073178996
79432.8321938 0.0582179986455
125892.555002 0.0255257199337
199526.253404 0.0046453881513
316227.800737 0.00169236071404
501187.288656 0.000426352692575
794328.321938 0.000136793962181
1258925.55002 3.46359356922e-05
1995262.53404 1.70535336862e-05
3162278.00737 4.83035536213e-06
5011872.88656 2.34375578689e-06
7943283.21938 1.06291621399e-06
12589255.5002 2.25991135759e-07
19952625.3404 1.4089738915e-07
31622780.0737 8.49908199356e-08
50118728.8656 2.47420511055e-08
79432832.1938 1.89600876807e-08
125892555.002 5.65793608901e-09
