19952.6231497 0.00456000765747
31622.7766017 0.0365108927796
50118.7233627 0.0256907804392
79432.8234724 0.0104653083665
125892.541179 0.00663949846704
199526.231497 0.000500878087337
316227.766017 0.000427925257299
501187.233627 0.000180195594422
794328.234724 5.24213030513e-05
1258925.41179 1.48857572639e-05
1995262.31497 3.07488640002e-05
3162277.66017 3.45129328271e-06
5011872.33627 9.20229693457e-06
7943282.34724 2.84428622706e-06
12589254.1179 7.8203719216e-07
19952623.1497 5.12048897805e-07
31622776.6017 6.83378978367e-07
50118723.3627 1.88030094472e-07
79432823.4724 2.7215552887e-08
125892541.179 3.08254979742e-08
199526231.497 3.93664869637e-09
