19952.6253404 0.30008274195
31622.7800737 0.219772344197
50118.7288656 0.11651689267
79432.8321938 0.0514280135508
125892.555002 0.0386215891782
199526.253404 0.00805540439024
316227.800737 0.00200826469333
501187.288656 0.000560232292934
794328.321938 0.000179434149945
1258925.55002 3.94211866735e-05
1995262.53404 1.12266437369e-05
3162278.00737 2.65026887391e-06
5011872.88656 5.5382339619e-07
7943283.21938 4.50020258864e-07
12589255.5002 1.61037604437e-07
19952625.3404 2.35935773682e-08
31622780.0737 1.86785032786e-08
50118728.8656 9.39898246874e-09
79432832.1938 6.11866459052e-10
125892555.002 1.84336077012e-09
