19952.6231497 0.00474093624796
31622.7766017 0.0396063308494
50118.7233627 0.0282125300805
79432.8234724 0.0111752815276
125892.541179 0.00232857660584
199526.231497 0.00130460671771
316227.766017 0.000405307192957
501187.233627 8.56008769978e-05
794328.234724 3.27055327948e-05
1258925.41179 2.15623754808e-05
1995262.31497 1.82290199426e-05
3162277.66017 4.48843216046e-06
5011872.33627 2.15936328448e-06
7943282.34724 5.56459911222e-07
12589254.1179 8.892297895e-07
19952623.1497 1.52375991085e-07
31622776.6017 1.2731261032e-07
50118723.3627 4.11354983223e-08
79432823.4724 1.61459940611e-08
125892541.179 2.34222547857e-08
199526231.497 3.18398212259e-10
