19952.6231497 0.00888770093889
31622.7766017 0.0528862764556
50118.7233627 0.0584088588708
79432.8234724 0.0245627698931
125892.541179 0.00930817022553
199526.231497 0.00117990856387
316227.766017 0.000458229904465
501187.233627 0.000135628482432
794328.234724 8.99472876298e-05
1258925.41179 1.46319988679e-05
1995262.31497 2.23452132224e-05
3162277.66017 4.28526605833e-06
5011872.33627 3.02154407423e-06
7943282.34724 8.46588074886e-07
12589254.1179 1.05217831413e-06
19952623.1497 4.95410035794e-07
31622776.6017 3.77171043065e-07
50118723.3627 4.05250267135e-07
79432823.4724 1.31996926243e-07
125892541.179 3.23120422483e-08
