19952.6231497 0.0260540935097
31622.7766017 0.0661940984507
50118.7233627 0.0184623976225
79432.8234724 0.0273785826627
125892.541179 0.00882325286226
199526.231497 0.00133326597781
316227.766017 0.000244379604349
501187.233627 0.000162283088594
794328.234724 7.46694338934e-05
1258925.41179 2.11259118025e-05
1995262.31497 1.63203792959e-05
3162277.66017 4.72495230568e-06
5011872.33627 2.2840370248e-06
7943282.34724 1.36614033566e-06
12589254.1179 5.25523908678e-07
19952623.1497 1.53189291591e-07
31622776.6017 5.13389850889e-08
50118723.3627 3.16144588652e-08
79432823.4724 7.89254565492e-10
125892541.179 4.41766061794e-09
199526231.497 0.0
