50118.7233627 0.0
79432.8234724 0.00620676337656
125892.541179 0.00608323317222
199526.231497 0.00512105264193
316227.766017 0.000916223378334
501187.233627 0.000157832664178
794328.234724 7.30176984499e-05
1258925.41179 2.90335373588e-05
1995262.31497 2.77764988641e-05
3162277.66017 4.25917603947e-06
5011872.33627 2.89009834089e-06
7943282.34724 2.00183324731e-06
12589254.1179 3.25957029999e-07
19952623.1497 1.4210921738e-07
31622776.6017 1.45729781001e-07
50118723.3627 1.29326150762e-07
79432823.4724 8.53246161286e-08
125892541.179 3.3738677704e-08
199526231.497 1.44301686837e-08
