50118.7288656 0.0353394599185
79432.8321938 0.0385715615828
125892.555002 0.0389792131195
199526.253404 0.0230070847248
316227.800737 0.0175931714881
501187.288656 0.00157571600382
794328.321938 0.000802402974193
1258925.55002 0.000256066415503
1995262.53404 7.24420186513e-05
3162278.00737 3.1322566863e-05
5011872.88656 7.9433227027e-06
7943283.21938 2.26733212206e-06
12589255.5002 9.58960475555e-07
19952625.3404 2.60255624366e-07
31622780.0737 1.26940540415e-07
50118728.8656 2.53042400334e-08
79432832.1938 2.15565199138e-08
125892555.002 1.10075973912e-08
