19952.6231497 0.00325312841185
31622.7766017 0.0240440333003
50118.7233627 0.0272590499695
79432.8234724 0.00845335461684
125892.541179 0.0104663974022
199526.231497 0.00163410046368
316227.766017 0.000226091453263
501187.233627 0.000146460328187
794328.234724 2.51105335616e-05
1258925.41179 2.08765768837e-05
1995262.31497 1.33987364337e-05
3162277.66017 4.05775607913e-06
5011872.33627 1.52227442765e-06
7943282.34724 3.73317995148e-07
12589254.1179 3.60645098262e-07
19952623.1497 1.71696106108e-07
31622776.6017 4.19879174428e-08
50118723.3627 8.88034485627e-08
79432823.4724 9.41429217617e-08
125892541.179 1.1281004312e-08
199526231.497 6.80312491475e-10
