19952.6231497 0.0125959318496
31622.7766017 0.0900476046016
50118.7233627 0.0920217423744
79432.8234724 0.0171749695578
125892.541179 0.00545188223977
199526.231497 0.00112615879275
316227.766017 0.000758298621326
501187.233627 0.00017264489937
794328.234724 0.00106354117635
1258925.41179 0.000240953903208
1995262.31497 9.39562423769e-05
3162277.66017 8.98357278634e-06
5011872.33627 3.05640029628e-06
7943282.34724 7.61540328459e-07
12589254.1179 4.65777909521e-07
19952623.1497 1.8342550518e-07
31622776.6017 3.84195850204e-07
50118723.3627 1.76233675141e-07
79432823.4724 1.01527167321e-07
125892541.179 5.43835135017e-08
